{"orthonormalized": [{"__ndarray__": [[0.2842676216054604, -0.07058897852132079, -0.2632728501500025, -0.4798723256005069, 0.7317215981569276], [0.0, 0.0, -0.44492259690123637, -0.17246365947937262, -0.30249760202428966], [-0.6396021486122858, 0.23478508084192296, -0.09984512691263737, -0.46349356742136494, -0.22935108130946744], [0.0710669054013651, 0.05831263453862098, 0.4178396109513382, -0.23778973848194576, 0.02337122850396667], [0.2842676216054604, 0.23325053815448393, 0.6543925080310983, -0.2038610399962129, -0.13879498078419486], [-0.5685352432109207, -0.31458131797106553, 0.3259145262673355, -0.19498810241891462, 0.33110922347487254], [-0.2842676216054604, 0.602308132703979, 0.010046375629619722, 0.5104242229263978, 0.43577805930577534], [-0.1421338108027302, -0.6483444232599003, 0.11671133346250623, 0.3584634116960083, 0.0336256969628589]], "dtype": "float64", "shape": [8, 5], "Corder": true}, {"__ndarray__": [[-0.25264557610718974, 0.3117051506303324, -0.7041110689745199, 0.5794179900422411, -0.08667469860570189, -0.49110158122076353], [0.5895063442501094, -0.019035429565198308, -0.6040568209261425, -0.4968320348098941, -0.20098061427926173, -0.1462743351694958], [-0.5895063442501094, 0.4663680118213524, -0.010732825188151099, -0.5704623525497183, -0.33081816195858504, -0.2553684361785659], [0.25264557610718974, 0.6947931594460144, 0.06921833846051668, -0.08001797344432544, 0.6650102451877328, -0.16590728239458094], [0.4210759601786495, 0.4497120105044465, 0.36665595065246365, 0.29257913234417754, -0.6327835284482343, -0.6183147358240347]], "dtype": "float64", "shape": [5, 6], "Corder": true}, {"__ndarray__": [[0.1638463839695799, -0.6765965864506602, 0.2197073496517347, -0.6368913674703176, 0.24548044214076734, -0.03476802976265781, 0.9121709711954145, 0.10617263624146388], [0.6553855358783196, 0.518504477047195, -0.29250328008592646, -0.40489643745653003, 0.18378958119788022, -0.13544368899256967, 0.13298397054700653, -0.07139353197821746], [-0.3276927679391598, -0.18914591628773153, -0.7554502000225258, 0.05920951629806519, 0.5026062101081581, -0.1732555436523607, 0.14458390489293346, -0.6994818706585786], [0.4096159599239498, -0.35947134364519656, -0.4451328119268322, 0.16564370136000758, -0.35179566233355536, 0.5946880092532799, -0.27320106142881184, 0.03698741324721188], [-0.4915391519087397, 0.2070253812194647, -0.24741818686370648, -0.6269867211187562, -0.4828445913449021, 0.1675194207881675, 0.03841243296863988, -0.3971269691841801], [-0.1638463839695799, 0.2559586530354642, 0.1900171688519221, -0.07982673628417451, 0.5444709721500853, 0.7541300345466992, 0.17118768833224376, 0.04288458795975681]], "dtype": "float64", "shape": [6, 8], "Corder": true}, {"__ndarray__": [[-0.5188745212781554, -0.21727662333614736, 0.4999190533190031, 0.22185429572752588, 0.6200175216519827, -0.1245317163169522], [-0.5188745212781554, 0.46747394579348694, -0.2430966180610379, 0.6067626207335155, -0.2915141643104396, 0.3298334746206021], [0.1482498632223301, -0.5126223352806153, 0.4519112126307904, 0.42751951492603674, -0.5729254672145637, -0.8034298843596978], [-0.2964997264446602, -0.6866317522628552, -0.6622870412450964, 0.02718019677602526, 0.03552268727533498, -0.08575124968930008], [-0.5929994528893204, -0.003762366266441847, 0.2194016893127594, -0.6317500235580649, -0.4484331507653982, -0.3075977649623407]], "dtype": "float64", "shape": [5, 6], "Corder": true}, {"__ndarray__": [[-0.1104315259528953, 0.9938837278118302, 0.8220919442992429, 0.017595481516950853], [0.9938837335760577, 0.11043153316427838, -0.2491188035394899, 0.6852110737197681]], "dtype": "float64", "shape": [2, 4], "Corder": true}, {"__ndarray__": [[-0.24388430419117804, -0.6474136049373748, -0.12608458080475826, 0.4057268351503118, 0.5838360050330625, 0.4414553300766107, 0.2498271411571599], [0.365826456286767, -0.4992251251721539, -0.6461589945889501, -0.2947155358652915, -0.3355094409991575, -0.265325862263071, 0.3603425702377496], [-0.5487396844301505, -0.06802094145188912, -0.021636670639875167, -0.7963700651522228, 0.2440993268546097, 0.14478692658670272, -0.2759054114761418], [-0.365826456286767, 0.4992251251721539, -0.741581629917176, 0.2500684072796405, 0.06684126007783175, 0.3946967789871276, 0.35150076141743225], [-0.609710760477945, -0.27888586043884, 0.12716041564165118, 0.22757196026584803, -0.6946342167719378, 0.19474077336226378, -0.5091302531770493]], "dtype": "float64", "shape": [5, 7], "Corder": true}, {"__ndarray__": [[-0.5286548800147268, 0.4280634680574404, 0.29978955606355595], [-0.2643274400073634, 0.6579924862919554, -0.6076712914082809], [-0.6608186000184085, -0.6192186208126108, -0.4195680417485432], [0.46257302001288597, -0.019386932739672232, -0.6040070200728425]], "dtype": "float64", "shape": [4, 3], "Corder": true}, {"__ndarray__": [[0.6897304940353935, -0.4708491740937591, -0.13828539710454085, 0.5324002640809067, 0.7217207230983489], [0.49266463859670967, 0.5766989898650119, 0.6504170061791843, 0.04071295380372844, 0.23043217018188605], [0.49266463859670967, -0.175199692431915, -0.16549003201190282, -0.8361816003526584, -0.2404813166335378], [-0.19706585543868385, -0.6442238712093146, 0.7283185529933875, -0.12527064650254796, -0.20872130039713868]], "dtype": "float64", "shape": [4, 5], "Corder": true}, {"__ndarray__": [[-0.6262242906929926, 0.5317477166991719, 0.4351517343223054, 0.36841616371421004, 0.08291634997945066], [-0.4383570034850948, -0.3697771045841491, -0.6261797139049263, 0.5282111269240457, -0.5106595503086934], [0.3131121453464963, -0.4956970240095411, 0.5640308259383994, 0.5814761132717617, 0.3656854169109429], [-0.5636018616236934, -0.5786136170065389, 0.3168771981428163, -0.4971398830720617, -0.3203321487821526]], "dtype": "float64", "shape": [4, 5], "Corder": true}, {"__ndarray__": [[-0.9284766900231903, 0.3713906758818398, 0.3348572425127965, 0.532038465021525, -0.1887186098205111], [-0.3713906760092761, -0.9284766898132952, 0.503880432591792, -0.5295113895007062, 0.3110997763943303]], "dtype": "float64", "shape": [2, 5], "Corder": true}, {"__ndarray__": [[0.5286548800147268, 0.026956578583765597, -0.6864654542265662, -0.0011155154169289496], [0.1321637200036817, 0.5732538172848133, 0.36040140974076396, -0.6475137854083591], [-0.6608186000184085, 0.5718889268325353, -0.34086949493878804, 0.28220225489410794], [0.33040930000920427, 0.4954550850511418, -0.27418761214699966, -0.023775481349731797], [0.3964911600110451, 0.3132422646131027, 0.45552732334852336, 0.7074752745158267]], "dtype": "float64", "shape": [5, 4], "Corder": true}, {"__ndarray__": [[-0.4424010106428165, -0.18356586740916309, -0.7356665027057635, -0.047797382689825474, 0.44661122223484284, -0.16623338914160243, -0.6012233841822514], [0.49770113697316853, -0.49647020956529864, -0.33579888173736727, 0.09130583983219842, -0.4231927243123286, -0.45345471733132675, 0.1548595271822792], [0.1659003789910562, 0.42750138925833775, 0.14026766686724504, -0.43445341924150466, 0.25749400536811606, -0.7176292017482061, -0.08015658404787167], [-0.1659003789910562, -0.5996601999686905, 0.2833898674437634, -0.7222410186064006, 0.017112478308966197, 0.10319865913709206, 0.2632412142698231], [-0.4424010106428165, 0.3329105647218952, -0.2390600158910842, -0.2918642876602472, -0.7412959566541105, -0.03997187567983975, 0.097552741685904], [-0.5530012633035206, -0.258150469379846, 0.4346255615578446, 0.4402408730911018, -0.07301120563743738, -0.4893933923264936, 0.5261072472940274]], "dtype": "float64", "shape": [6, 7], "Corder": true}, {"__ndarray__": [[-0.5549637740381813, -0.43994633251483534, 0.26967742195427674, -0.22416546282228705, 0.382931186955317, 0.4602295703430939, 0.12947658299363063, 0.016571874302637162], [0.0, -0.3621467462219259, -0.6211620946143012, 0.30484221826381913, 0.09512958553610096, 0.2034178447588568, -0.35414358289235814, -0.46285253739113325], [-0.43163849091858547, -0.22146489877089667, 0.014238996299774289, 0.43706216929095837, 0.20672401176879612, -0.7114973062811569, 0.022274221300497093, 0.1547774128374384], [0.30831320779898963, 0.0633412560639456, 0.415767175924266, -0.11821781097605266, 0.5258320373787861, -0.25251346504094824, -0.11465152201032378, -0.6005711455440835], [-0.12332528311959584, 0.08330752144099951, -0.5234198326091468, -0.7298101455731114, 0.24732752991379117, -0.3208159976662037, -0.020508642430242512, 0.08212883161494547], [0.12332528311959584, -0.6265276407738883, 0.12448217169135285, -0.2874356823966299, -0.5457768663580267, -0.2641461785854688, 0.2305449206671265, -0.27081793393811593], [0.49330113247838336, -0.45394566783797335, 0.09284684618617307, -0.04574534809147832, 0.22804981199246768, -0.008843559746297627, -0.415525642203493, 0.5613623273123813], [-0.3699758493587875, 0.12920698224902324, 0.26510748114848, -0.18570815148973385, -0.33768314506062597, -0.0635935328998406, -0.7860940769184248, -0.07507323443365856]], "dtype": "float64", "shape": [8, 8], "Corder": true}, {"__ndarray__": [[-0.051031036281941215, -0.31342512617798074, -0.2820612597949609], [-0.4592793265374709, 0.30077973220219023, -0.04650958835767362], [0.4082482902555297, -0.3664583609354077, -0.3470742909147833], [0.10206207256388243, -0.3145864379341389, 0.4221820091379418], [0.25515518140970606, -0.3652970491792496, 0.45728634539622], [0.4592793265374709, 0.19471326268733627, 0.20061532571365814], [-0.4082482902555297, -0.6245276288436453, -0.21257116800450346], [0.4082482902555297, 0.1290346339541188, -0.5701195298697752]], "dtype": "float64", "shape": [8, 3], "Corder": true}, {"__ndarray__": [[-0.6274558047444577, -0.7168205714756842, -0.25552800025162764, -0.09997395809396743], [0.0, 0.0604891778041531, 0.33977056035753056, -0.07570744011342709], [0.18823674142333732, -0.510823962207132, 0.7899784248412428, 0.14458852562485036], [-0.5019646437955662, 0.27339203207759605, 0.14689248586505607, 0.8072660111020743], [-0.5647102242700119, 0.3831775083424869, 0.4166750414924281, -0.5582914370370925]], "dtype": "float64", "shape": [5, 4], "Corder": true}, {"__ndarray__": [[0.47301616456000545, 0.20868662404453264, -0.17416793909243256], [-0.47301616456000545, -0.5946863764247696, 0.16225680450803476], [-0.40544242676571896, -0.20093137788847007, -0.6004741403736628], [0.40544242676571896, -0.5710681268720038, 0.48234319920241253], [-0.47301616456000545, 0.4861129302398938, 0.5917044037546578]], "dtype": "float64", "shape": [5, 3], "Corder": true}, {"__ndarray__": [[-0.37796447277113193, -0.04649486680729922, 0.22631520210944361, 0.05073821217614686, -0.7245085137906954, 0.13829948110832577, 0.5049020553947905, -0.04714580669344516, 0.4454909532403546], [0.3149703939759433, 0.19243708803863768, 0.7341844639014651, 0.11200003073098512, -0.034901576282521565, 0.41593077884667, -0.22311925727557053, 0.2969714608447887, -0.13697020201313562], [-0.12598815759037732, -0.25055567176987015, 0.13612756354040229, 0.6304229817393947, 0.35745932722171697, 0.28392113272816044, 0.14434014208097526, -0.5255116871441597, -0.16376491575671046], [0.06299407879518866, 0.504985915847718, -0.4399272935054604, 0.5361343068112375, -0.366597980994974, 0.13851978230505793, -0.3261564065583077, 0.009227058486443365, 0.19149975313859413], [-0.37796447277113193, -0.5346909696165916, -0.2169816995415638, 0.1308647197814804, 0.02076250600104402, 0.3368831384195732, -0.2571585052346639, 0.5718303578353057, 0.2217058979881928], [0.06299407879518866, 0.3422538815779539, -0.30573227527221647, -0.18690369516256974, 0.3117097100030553, 0.5683676018962865, 0.5435331075466223, 0.186697331646423, -0.27430437360222854], [0.44095855156632063, -0.37066741154031274, -0.21126143208651116, -0.32859049511838445, -0.32186202136130815, 0.45449556986817463, -0.2006159291694811, -0.4063864925492669, 0.08337204929278251], [-0.6299407879518866, 0.3202979724250358, 0.11181765941601278, -0.374136626069112, 0.10251271073299137, 0.2549072277719077, -0.40776726597725993, -0.32610077208961685, 0.3355753786906108]], "dtype": "float64", "shape": [8, 9], "Corder": true}, {"__ndarray__": [[-0.3999999996, -0.06975303801992006, 0.7779294569077806, -0.45492225653886836, -0.05189076347508547], [0.1999999998, 0.14860429837048575, 0.3625729379258417, 0.4815368289322637, -0.7535293235940186], [-0.1999999998, -0.30024133751785337, -0.4536874545320535, -0.35384157615768175, -0.6025081795603849], [0.5999999993999999, -0.7672834180674838, 0.20264227431638485, -0.07826457605926727, 0.058291175414297944], [0.1999999998, 0.14860429837048575, 0.12833232800867375, 0.2750195928884037, 0.22242185815902665], [-0.5999999993999999, -0.5216314146851411, -0.0011131241476526924, 0.5951495948432765, 0.11668525545318767]], "dtype": "float64", "shape": [6, 5], "Corder": true}, {"__ndarray__": [[0.7999999984, -0.5999999980545454, 0.5496272460607162], [0.5999999988, 0.7999999986181818, -0.636410476101359]], "dtype": "float64", "shape": [2, 3], "Corder": true}, {"__ndarray__": [[-0.5019646437955662, 0.49754163302484655, 0.6539074794641602, 0.15905560852056044, -0.20834152752480692, 0.06468343202822613, 0.06809377946143713], [-0.31372790237222886, 0.15391785016574813, -0.1578764786480369, -0.6950348415040515, -0.08945135947716394, -0.6015680605963231, -0.5084087072167865], [-0.12549116094889154, -0.48532131241058507, 0.09662300433527665, -0.33327797510168516, -0.6828539902329819, 0.40251137561534545, -0.18127294066558], [0.31372790237222886, 0.06779368462217795, 0.4458743599657259, -0.5977516986980339, 0.4605279499344018, 0.358861791154691, 0.5943130168530126], [-0.37647348284667465, 0.39163218600096206, -0.5732800290980612, -0.1357158838691027, 0.12124619109559166, 0.5857666047061255, -0.10634631478913036], [-0.6274558047444577, -0.5790104388202081, 0.10339285163441306, 0.06948221022549629, 0.5054859606775065, -0.003494052323917263, 0.033794048989542386]], "dtype": "float64", "shape": [6, 7], "Corder": true}, {"__ndarray__": [[-0.5144957551334088, 0.1022476559474741], [-0.45732956011858567, -0.5172812871093719], [0.28583097507411603, -0.5088210787336234], [0.34299717008893926, -0.610585294480348], [-0.34299717008893926, -0.2030449912926999], [-0.45732956011858567, -0.22141572864644543]], "dtype": "float64", "shape": [6, 2], "Corder": true}, {"__ndarray__": [[-0.06509445544803905, -0.07850858252940232, 0.6332689288615685, 0.15214067191235736, -0.14200198892352006, -0.7384158924565998], [0.19528336634411717, -0.5267031488662023, 0.3583530503771867, -0.5330535862415774, 0.5023713473139779, 0.1396716152146715], [-0.6509445544803906, 0.15304204726524964, -0.32589705512066997, -0.25098051766330876, 0.48630542006724814, -0.38360975208871234], [-0.5858500990323514, -0.6479442507296664, -0.03668499030783356, 0.024261265091988, -0.44989016909959956, 0.1805887430246043], [-0.39056673268823433, 0.23254440924304073, 0.5178396050245698, 0.4249065838686839, 0.34503851414031206, 0.4750006379630499], [0.19528336634411717, -0.4680701568312477, -0.30796268875108906, 0.6697623860167344, 0.41171926903378103, -0.17274078796210526]], "dtype": "float64", "shape": [6, 6], "Corder": true}, {"__ndarray__": [[-0.4295465637080015, -0.09231938342353342, 0.17913886748427457, -0.551283126896527, -0.12350466500338575], [0.1909095838702229, 0.36670953908033177, -0.4254866479580629, 0.36992471938153554, 0.11268860936616618], [-0.4772739596755572, 0.4360453760047947, -0.29692989700637507, 0.11599476519635206, 0.18303859487081794], [-0.2863643758053343, -0.26822697034849263, -0.40476740013592627, 0.17483096280946098, -0.6666340551311065], [0.2863643758053343, 0.38096190565729465, -0.10733152793099913, -0.4645876469231133, -0.018042847108717352], [-0.4295465637080015, 0.30225289015727363, -0.2292493501999227, -0.244880001027603, 0.003810118344699174], [0.0, 0.4509397412352081, 0.48227040073808874, 0.28745044203492737, -0.5907456345600174], [0.2386369798377786, -0.27439015565679836, -0.46540206380909016, -0.13302216307922193, -0.19403402437815234], [-0.3818191677404458, -0.2824793369254555, 0.14699395618275035, 0.37294961424932443, 0.3273745731506755]], "dtype": "float64", "shape": [9, 5], "Corder": true}, {"__ndarray__": [[0.618718432991354, -0.5556874556880538, -0.16395514934444497, -0.2915790950419697, -0.07908251684341522, 0.4361711132915505], [0.08838834757019343, 0.19524153889412593, -0.7729628124274459, 0.5254398553639948, 0.18261151609616724, 0.2171698023001767], [-0.17677669514038685, 0.4833252076421732, 0.19630262474355695, -0.16624631909548154, -0.0888592480707171, 0.8130671690164184], [-0.618718432991354, -0.4055016582854138, -0.3108774231516199, -0.044109633391032584, -0.5851218819319521, 0.10861793454414835], [0.3535533902807737, 0.0819195272321636, 0.3157025716953196, 0.5963429473132021, -0.6426374062471462, 0.003651021042945469], [0.2651650427105803, 0.4983437881393352, -0.37523271639255806, -0.5036726901747187, -0.44401865835700577, -0.2995039657317855]], "dtype": "float64", "shape": [6, 6], "Corder": true}, {"__ndarray__": [[0.19802950839925643, 0.6306147736655081, -0.6414242512947909, -0.3894666230236172, 0.415324003193711, 0.20440579047096763, 0.015884525161101525, -0.27365076108032904], [-0.39605901679851285, 0.36719341282432316, -0.24934571058915067, 0.8038239644265084, 0.11703724121615057, -0.02961352585988456, 0.7138837354056615, -0.3709077528171413], [-0.09901475419962821, -0.6817025528677053, -0.7238981412936238, 0.03806816527143443, 0.676809375145255, 0.3675449675713829, -0.21994948675149503, 0.12442965000345185], [-0.891132787796654, 0.05268427278094097, 0.04871471914162241, -0.4480330287061814, 0.02411017629090203, -0.19749862630740775, 0.1901358388779836, 0.4271726344392144]], "dtype": "float64", "shape": [4, 8], "Corder": true}, {"__ndarray__": [[-0.4472135950999579, 0.8944271900955679, -0.5838366624314651, 0.04070664098446802, -0.19500289915272512, -0.4237068440131495], [-0.8944271901999158, -0.4472135951347405, -0.30518731389919096, 0.4273377598116354, -0.42177733040847054, 0.11983746191108482]], "dtype": "float64", "shape": [2, 6], "Corder": true}, {"__ndarray__": [[-0.10862508925971663, -0.4888289001023531, 0.24012185258801044, -0.11668333571226058, -0.34117476651740863, -0.7488849466440559, 0.027285615734425804], [-0.4888129016687249, 0.3384200079752497, 0.005525082911979624, -0.5977329357088373, 0.06269296845918135, -0.06433757608585461, 0.5302347826845639], [-0.2715627231492916, 0.35722111943752793, -0.6144242863073788, 0.4859072536202092, -0.11537068594449924, -0.41250469209628227, 0.039410390043809376], [0.10862508925971663, 0.09400555767900044, -0.37061904579013744, -0.46235901304436894, -0.6762885164514516, 0.17046877869278926, -0.3765679717175744], [-0.5431254462985832, 0.3196188964517032, 0.4600727671778811, 0.07994689223169658, -0.007789642209601307, -0.013833316694137671, -0.6201193442228801], [-0.2715627231492916, -0.4324255654091774, -0.4619144606673679, -0.2946653220585747, 0.5468946382222906, -0.04323666506973989, -0.37162622095753356], [-0.5431254462985832, -0.47002778839500214, -0.04902414645293189, 0.2932566473084336, -0.33141875612670824, 0.4834785569890448, 0.22824524050376988]], "dtype": "float64", "shape": [7, 7], "Corder": true}, {"__ndarray__": [[-0.3333333329629629, -0.9095880526472556, 0.2480694785950272, 0.17254245992832778, 0.4878055266423421, 0.3793142113025432], [0.6666666659259258, -0.041344911812846184, 0.7442083994712638, -0.48466084788127434, -0.6901973262909585, -0.45507472486896017], [0.6666666659259258, -0.41344911523431765, -0.6201736688561823, 0.6716166839015069, -0.05656321351853745, -0.27149822911016097]], "dtype": "float64", "shape": [3, 6], "Corder": true}, {"__ndarray__": [[0.099503718921989, -0.9950371889526826, -0.6633581506360261], [-0.99503718921989, -0.0995037194253888, -0.06633581358330536]], "dtype": "float64", "shape": [2, 3], "Corder": true}, {"__ndarray__": [[-0.49827287870864667, 0.11413446739732316], [-0.6643638382781956, -0.6711788066847537], [-0.49827287870864667, 0.5258135156712488], [0.24913643935432334, -0.5099141867999798]], "dtype": "float64", "shape": [4, 2], "Corder": true}, {"__ndarray__": [[-0.3162277650168379, 0.9486832958436171, -0.3034581430981721, 0.07074714327843995, -0.5815925463221193, -0.10642019689274027], [0.9486832950505137, 0.3162277691892518, -0.4600816526009719, -0.7246968695129941, 0.4087018919626186, -0.4978431443702174]], "dtype": "float64", "shape": [2, 6], "Corder": true}, {"__ndarray__": [[-0.7432941456946801, 0.668964728961307], [-0.6689647311252122, -0.7432941184755287]], "dtype": "float64", "shape": [2, 2], "Corder": true}, {"__ndarray__": [[-0.19867985342817762, 0.6283802226045503, -0.09050027148545976, -0.03758099244309216, -0.6134539780046389, -0.4239530601178781, 0.06779108045925558, 0.28590399420364615, 0.4385552234321255], [-0.19867985342817762, -0.019903446036082278, 0.7299496770733034, -0.1410470218693003, 0.3246903870766553, -0.5495320985957154, 0.3838446396116282, -0.20048848376370254, -0.10472225493274376], [-0.3311330890469627, -0.6334350662088709, -0.4389227384544734, -0.25352054428596255, -0.1434016625011688, -0.46002284743082233, -0.07458038387729508, -0.26994698431754605, -0.21918853741736408], [-0.6622661780939254, -0.18639735135002106, 0.36215913008863815, 0.004953036445965681, -0.3776759807776949, 0.5028286182965228, 0.41770917917787603, 0.14363886876086812, 0.021576829716808875], [-0.39735970685635524, 0.39238222035492376, -0.28111997176341585, -0.5877098292244332, 0.47748142317422737, 0.18900174641377784, 0.6537126463159717, 0.5599015422642942, -0.334941929489703], [-0.46358632466574773, 0.12163216963745346, -0.2369437147854647, 0.754316486484463, 0.35645290634149623, -0.13453242716634756, 0.05004765112473598, -0.13602121120983587, -0.3646226523856278]], "dtype": "float64", "shape": [6, 9], "Corder": true}, {"__ndarray__": [[0.19682713242519684, 0.22461329223643348, 0.08262513800720601, -0.08484027813353802, 0.7990860960847396, 0.1711865421194233, 0.3578478060783259, -0.058313468031423336], [0.19682713242519684, -0.12610613957326805, -0.0988655483856059, -0.02660747630127335, 0.20641298216044254, -0.8063399014866961, 0.0724650618754012, 0.47739131902251447], [-0.2952406986377953, -0.4245997963070756, -0.41716938855942454, 0.14383669279956898, 0.05446617990513213, -0.00012600909773445373, 0.6345725669810166, -0.24251455722145654], [-0.14762034931889764, -0.15384665951858756, -0.05440674157237067, -0.5935725278760408, 0.3226650849598149, -0.17831674643822917, -0.4032333774397429, -0.46207975813649316], [-0.4920678310629921, 0.3444919682506452, 0.014429084879669804, 0.48840383980285434, 0.3620175387269639, 0.018343317933693485, -0.25399842199089595, 0.1528411274187218], [0.4428610479566929, -0.00608593052383938, -0.7397247170077375, 0.28284134781259096, 0.10773699295843567, 0.1164673993138976, -0.3700225507264171, -0.10283224039531973], [0.3444474817440945, -0.4398853891342825, 0.20927163123050746, -0.06729370858876677, 0.15865130868297814, 0.45773348787212403, -0.0545539606120403, 0.39624522905280884], [-0.24603391553149606, -0.6460993567639809, 0.20338379906597195, 0.32194329373274305, 0.2090271134577863, -0.041143853594218086, -0.30609153955255025, -0.02616222985926444], [0.4428610479566929, -0.00608593052383938, 0.4169506627608547, 0.43859247780709276, -0.01578723889611803, -0.25219110894845836, 0.0575691733899384, -0.5520293730161401]], "dtype": "float64", "shape": [9, 8], "Corder": true}, {"__ndarray__": [[0.39557454095171996, 0.19536429232758384, 0.3549577864887925, -0.038085319647024156, 0.18190899974491698, -0.034068876022494116], [0.39557454095171996, 0.15016972474004925, -0.5166726065754793, -0.04748181903321733, 0.3209445553534677, 0.35978210141842887], [0.346127723332755, -0.5521693256139177, 0.08849225732951982, 0.21261182951957597, -0.2859344575319984, 0.5692910925244925], [-0.346127723332755, -0.3065274585492397, -0.23947915754167226, -0.10983131637399109, -0.2865723209764583, -0.23671800484759964], [-0.049446817618964994, 0.38233057174686347, 0.30355730884954946, -0.4711933995039986, -0.5690871743391988, 0.3715818135270818], [-0.19778727047585998, -0.05248757857625733, -0.5352614743306369, -0.433164978518301, -0.010950810283367087, 0.2499896988653914], [-0.29668090571378997, -0.2369123544207571, 0.36916771529607056, -0.45007996928582966, 0.6063824840291987, 0.2595041561475742], [-0.445021358570685, -0.17459026128099722, 0.13822327072348015, 0.4090544128234715, 0.05407144208208911, 0.33084516814477766], [-0.346127723332755, 0.5521693256139177, -0.08849225732951982, 0.39934404490749664, 0.07360657405955925, 0.3345139186826477]], "dtype": "float64", "shape": [9, 6], "Corder": true}, {"__ndarray__": [[-0.2760262235464655, -0.4671054340436015, 0.2278353724655292], [0.34503277943308186, 0.35681665103067667, -0.15073341806778617], [0.4830458912063146, -0.5197268793973345, -0.3113214858788311], [0.2760262235464655, -0.34023729137444364, 0.574178796396875], [0.0, -0.05045892033862782, -0.4668009805522949], [-0.552052447092931, 0.12542645902398125, 0.18965498802597158], [-0.4140393353196982, -0.24652786801775187, -0.4914562905826919], [-0.13801311177323275, -0.43538839837631205, -0.05802297321820973]], "dtype": "float64", "shape": [8, 3], "Corder": true}, {"__ndarray__": [[0.13018891081133235, 0.6015724394225168, 0.4861832067582849, 0.6203122829426041, 0.1167951956614462], [0.9113223756793264, -0.34278278225479936, -0.0881802793676165, 0.21027533044455662, -0.8677531696424934], [-0.39056673243399703, -0.5993023557995578, -0.0436929362456643, 0.6974132076867232, -0.2748787822709861], [0.0, 0.4018049874893309, -0.8682977894129192, 0.2908809109012293, -0.15544380672062416]], "dtype": "float64", "shape": [4, 5], "Corder": true}, {"__ndarray__": [[0.0, -0.3592902386278367, 0.2836531770481044, 0.3394966309684215, -0.5798525673297835, -0.4090249776663035], [-0.43685202794883954, -0.2024093107820022, 0.2590800137169127, -0.1149392798482037, -0.07351385996355818, 0.7394073457826932], [-0.0873704055897679, -0.2704276148782159, -0.33279950249491064, -0.6485321979975773, 0.14840724020963092, -0.31012531536814747], [-0.3494816223590716, 0.2835924472729157, 0.239057436257451, 0.40310393905870745, 0.5473033331776636, -0.2392611010668366], [0.0, -0.7185804772556734, 0.17595598182725952, 0.09268303596200934, 0.5236792402019959, -0.09754807409677137], [-0.2621112167693037, 0.2665878712488623, -0.3491816115980728, 0.0772152181221434, 0.06362786431463949, -0.12166880501342349], [-0.6989632447181432, 0.06417856046686006, 0.2360237123429643, -0.29406342981031325, -0.2107621224679508, -0.31130706610567366], [0.3494816223590716, 0.291271934531623, 0.6898687958158695, -0.432918658298327, 0.11870947559776093, -0.10639897133728252]], "dtype": "float64", "shape": [8, 6], "Corder": true}, {"__ndarray__": [[0.5547001946867677, 0.8320502872224593, -0.8900756664025232, -0.0993065317221876, -0.3130584946658131, -0.13007670571778865, -0.34026848151462014], [-0.8320502920301515, 0.554700201481639, 0.24307285189927327, 0.37925355280666523, 0.5883206414367209, 0.13556396869625684, -0.18181768953818922]], "dtype": "float64", "shape": [2, 7], "Corder": true}, {"__ndarray__": [[0.47963209655063366, -0.45805947780140377, 0.3546619248273043, -0.659051955741531], [0.5481509674864384, 0.032317077497908124, -0.8326790448404499, -0.07163608190425655], [0.5481509674864384, -0.2669671813402909, 0.2869193990627383, 0.7388750226296045], [0.4111132256148288, 0.8472695199284785, 0.3139072853673266, -0.12075796505690582]], "dtype": "float64", "shape": [4, 4], "Corder": true}, {"__ndarray__": [[0.4351941395104567, 0.6818459510778906, 0.5126872871728817, -0.09761375638416785, -0.27076827238420803, 0.20534298320781885, -0.38110947391043715], [-0.261116483706274, 0.5340924768788922, -0.03904138283151831, 0.21502732478599204, 0.7738232477739635, -0.617202083750689, 0.33640733619161167], [-0.08703882790209133, 0.3911833787394334, -0.598177830309158, 0.5095284982589579, -0.471130339762151, 0.1786753427841979, 0.16489433742587398], [-0.3481553116083653, -0.1937750482256382, 0.6073773243409055, 0.6728410658162064, -0.14005996885696875, 0.14698483237906726, 0.5786911735181339], [0.783349451118822, -0.2434299045404349, -0.09435879445161005, 0.48156039266793027, 0.293771207532286, -0.34412813382906354, 0.13621206648512124]], "dtype": "float64", "shape": [5, 7], "Corder": true}, {"__ndarray__": [[-0.5263613556214948, -0.20804539527585467, 0.5082023104212563, -0.26013869103108656, -0.4396400318939937, -0.3968273399234189, -0.05444091348620157, -0.4010747737765888], [0.06579516945268685, -0.4040789325699411, 0.12112125949848165, 0.6988376058484703, -0.40943618749500826, 0.2299175177197616, 0.329919376518536, -0.34459762369263436], [0.32897584726343426, 0.42137600903346983, -0.16521694544301005, -0.169234612277592, -0.7785614762002487, 0.1303492790161454, -0.18743331784936246, 0.0726302650094007], [0.1315903389053737, 0.3017378948070157, 0.6497067105213795, -0.2386253159164445, 0.11170894690784447, 0.4746244040799121, 0.41812696739477695, 0.09364227237310786], [0.06579516945268685, 0.594827251382267, 0.30160427788071265, 0.5487665684907064, 0.10774263831257176, -0.47966851579753794, -0.08972894567240194, -0.5368158886212567], [-0.6579516945268685, 0.2671437418799581, -0.0602508632598939, 0.23301380476049055, 0.010633087046540283, 0.5428542100428478, -0.37815926795002197, -0.050872795501949876], [-0.3947710167161211, 0.3156716515205406, -0.42784260504161475, -0.05414134218019551, -0.0933822757913479, -0.15044652629363012, 0.726066295174283, 0.17679732047488858]], "dtype": "float64", "shape": [7, 8], "Corder": true}, {"__ndarray__": [[-0.9615239463200684, -0.2747211264869234, -0.6612530099699742, -0.26002994726441453, -0.19208756513443415, -0.4548490783645829, -0.11115145158882667, 0.33427768116031525, 0.03881142318131222], [0.2747211275200196, -0.9615239468025923, -0.2231389015763188, 0.6383508679710233, -0.42666731924740836, -0.09343290181260544, 0.4625116577100631, 0.289061187109987, 0.10779012623233636]], "dtype": "float64", "shape": [2, 9], "Corder": true}, {"__ndarray__": [[0.0, -0.5070507804394367, 0.16639372678468098], [0.3529411762629758, -0.3641564237315368, 0.28365476125801886], [-0.3529411762629758, -0.42458923472980914, 0.3602142661884513], [0.3529411762629758, -0.026122570105245674, -0.617608037939226], [0.5294117643944637, 0.4678669252815682, 0.5486564083219689], [-0.470588235017301, 0.27896565442598226, -0.10101166972606807], [0.3529411762629758, -0.3641564237315368, -0.2634993027471441]], "dtype": "float64", "shape": [7, 3], "Corder": true}, {"__ndarray__": [[0.33567254303698546, -0.04298405814345845, -0.38987798019865966, 0.5942636011593122, -0.09509244670572502, -0.21606575072976977], [0.0, -0.1453270531423797, -0.8464433616612815, -0.43035622664180695, -0.22151078307845157, 0.0766296497724207], [0.08391813575924637, -0.047077777821459534, -0.1339738160277416, 0.4931841795869168, -0.0013987410891164944, -0.3341718523575897], [0.0, -0.6539717391407086, 0.19343960251837447, -0.2801241949569914, -0.0706480356853197, -0.6624600300879775], [0.41959067879623185, 0.6365734297469804, 0.10617375508527924, -0.3122694172704487, -0.3505110940179306, -0.4319035258318036], [-0.5035088145554782, -0.008187439356002198, 0.11156485534242179, 0.20578110423083262, -0.8293660512642566, 0.0484767797681922], [0.6713450860739709, -0.37662222257167627, 0.22900075902616313, -0.009275612507156061, -0.35523403487028243, 0.4561016479387353]], "dtype": "float64", "shape": [7, 6], "Corder": true}, {"__ndarray__": [[-0.4016096641286688, 0.5024033361193245], [0.4016096641286688, 0.030970068066281442], [-0.8032193282573376, -0.16861481696968408], [-0.1606438656514675, 0.07295171744318439], [0.0, 0.21334936167424237], [-0.08032193282573374, -0.8169215879753774]], "dtype": "float64", "shape": [6, 2], "Corder": true}, {"__ndarray__": [[-0.3054236107041959, -0.27933235642019105, -0.42906013779889846, -0.5451311071669969], [0.12216944428167835, 0.5119926399724508, 0.029424459283753396, -0.020063828086758186], [0.0, -0.250162310877734, 0.5219124116153779, -0.6596329327997728], [-0.5497624992675526, 0.1351156511818777, 0.6194006219902919, 0.20277357695969347], [-0.2443388885633567, -0.5862012359088671, 0.11595028657645154, 0.32951883265218496], [0.36650833284503503, -0.09007710078791847, 0.23847333664209472, -0.00391019901352127], [-0.5497624992675526, 0.0725750734624442, -0.293853081169759, 0.12415030998685378], [-0.3054236107041959, 0.4711545762130109, 0.04825212007578433, -0.319664724526003]], "dtype": "float64", "shape": [8, 4], "Corder": true}, {"__ndarray__": [[-0.9938837335760577, 0.11043152703784083, -0.5200518289756898, -0.0034870061777359574, 0.2963720824794588, -0.580897961961991, 0.29541642549304337, -0.4163835808440841, 0.26001988292783224], [0.1104315259528953, 0.9938837329957382, -0.1767832717040441, -0.7603488097619078, 0.43572497822462414, 0.33760579816176906, 0.201158001382733, 0.18392611813665888, 0.0914497466077806]], "dtype": "float64", "shape": [2, 9], "Corder": true}, {"__ndarray__": [[-0.6467616662406788, 0.2760549823214085, -0.2536273740415399, 0.47289541653876255], [0.0, -0.5923760481287036, -0.18787861885747956, -0.412117791898194], [0.3233808331203394, 0.6024425690001751, -0.6144493201725065, -0.3703805786515751], [0.24253562484025454, -0.43673214544292394, -0.6577756766099363, 0.4967297802059622], [-0.6467616662406788, -0.13860825136868396, -0.3002631654361125, -0.4718120375116799]], "dtype": "float64", "shape": [5, 4], "Corder": true}, {"__ndarray__": [[0.0, 0.4788220585699352, -0.7313614948878968, -0.11159843601733273, -0.1820438047760455, 0.06907239677536449, -0.3416567858966272, -0.2621932176697072], [0.3947710167161211, 0.15546170719333774, 0.1716844267727876, 0.4497444425419965, -0.39817224734280504, -0.4282420044579328, -0.398242809306241, 0.2961624627391044], [-0.3947710167161211, -0.5278788638588429, -0.47237763831600793, 0.13983959621875772, 0.16418040926463284, -0.23054795662751218, -0.2389845703337608, 0.4307932341288647], [0.06579516945268685, 0.38946036603902556, 0.15333808064320087, -0.4578131933481613, 0.3851371770941892, 0.10891847074224584, -0.2831891594722947, 0.6086839476869076], [-0.19738550835806054, 0.1616801756882987, 0.18390275709265325, 0.5773815258895871, 0.5353139901682041, 0.2447629003924566, -0.3924508904156317, -0.2592704840713396], [-0.5263613556214948, 0.34247638358177157, 0.17993188160783907, -0.12799276665313233, 0.0816325890813834, -0.7123714298862543, 0.09142903794962136, -0.18547187337079238], [0.5921565250741817, -0.21902827230382108, -0.15537720076908942, -0.17060881586404975, 0.5284071783793107, -0.4204229251878781, -0.05623791192073415, -0.2983211999547247], [0.1315903389053737, 0.353301124460331, -0.31407616799256977, 0.42103295297923915, 0.24615841920565515, -0.05181528264278596, 0.6494797189885032, 0.3112025275710879]], "dtype": "float64", "shape": [8, 8], "Corder": true}, {"__ndarray__": [[0.09841356621259842, -0.6111514232656441, -0.2631785015218165, -0.5513810276556714], [-0.14762034931889764, 0.06706755962843473, 0.34365368139963676, -0.25542035565648774], [0.2952406986377953, -0.0774911475722007, 0.22996249635017488, 0.251526651363628], [0.24603391553149606, 0.3980164791146276, -0.36763763055791404, 0.23000386906946793], [-0.14762034931889764, 0.46357536142111605, -0.48553788693655137, -0.478178497924333], [-0.4920678310629921, -0.34288118475190515, -0.2809633579702064, 0.16806414664238484], [-0.4920678310629921, 0.3368464754641199, 0.30728497581678405, -0.21858809906772364], [-0.4428610479566929, -0.08201717953803962, -0.33846507923299457, 0.4576808336979869], [0.3444474817440945, 0.07008491427232734, -0.31769313985584685, -0.020475109793948475]], "dtype": "float64", "shape": [9, 4], "Corder": true}, {"__ndarray__": [[0.41803980828370846, -0.18671702842111057, 0.35229869417654347, -0.45895287285049835, -0.5619331744380651], [-0.13934660276123614, -0.41262158114594266, -0.39077662381720085, 0.11997776739507651, 0.20115513099925883], [0.4877131096643265, 0.13830890980677224, -0.11630468783949852, -0.051029423764379744, 0.36958523004505583], [0.6270597124255627, 0.3926436274128328, -0.1963680746491275, 0.11746259173801704, 0.1701167745842499], [0.3483665069030904, -0.5117429666489934, -0.48101370223271334, 0.2531018888807579, -0.3490573897043446], [-0.06967330138061807, 0.22897808416170432, -0.08043945688274548, 0.47959245878154727, -0.4539609866871066], [0.06967330138061807, 0.1667390746880008, 0.362472385782427, 0.6127711058145561, -0.13885929763445246], [0.20901990414185423, -0.528647388945231, 0.5494189089719039, 0.2983424377896736, 0.36198234191412826]], "dtype": "float64", "shape": [8, 5], "Corder": true}, {"__ndarray__": [[-0.5625439498301005, 0.20432223986242506, 0.46274637547670366], [-0.6750527397961206, -0.4910902934480889, -0.23264634002924417], [-0.11250878996602011, 0.5081171476328498, -0.7829376228197349], [0.45003515986408044, -0.47495959166351653, -0.051455480961780854], [0.11250878996602011, 0.48302494255580275, 0.3407381448883638]], "dtype": "float64", "shape": [5, 3], "Corder": true}, {"__ndarray__": [[0.10540925522783486, 0.4851909235253728, 0.0003953001430954446, 0.2526631674359987, 0.4485324320546636], [-0.2108185104556697, -0.36465799551428857, -0.3182762878632873, -0.7039857065880277, 0.3626058028906994], [0.4216370209113394, -0.5371975167294695, -0.14588556550279627, 0.214297089191904, -0.44536101751141044], [-0.10540925522783486, 0.4509277561218791, 0.23208092668304167, -0.5046841980763765, -0.6277160951899412], [0.2108185104556697, 0.36465799551428857, -0.874897989721435, -0.016364936421754264, -0.1634359068729896], [-0.8432740418226788, -0.0819868649288427, -0.24105891222354928, 0.3737221593304893, -0.2196598714916796]], "dtype": "float64", "shape": [6, 5], "Corder": true}, {"__ndarray__": [[0.35603449703562073, -0.46279417137219225, -0.3711018248248557, -0.02425418306371262, -0.7216343717791807, 0.14967238585416534, -0.09689201078996101], [0.47471266271416096, 0.4638090698412363, -0.02521184957954448, 0.7437927861167536, -0.07527077769477405, -0.0943154622700817, -0.44345622723375117], [0.7120689940712415, -0.2770675637418889, -0.11177996505672935, -0.2253645685827427, 0.5940600645181998, -0.20651434412488986, -0.6951011786270201], [0.11867816567854024, -0.44249618112517325, 0.8551947953089215, 0.2185667546463187, -0.10480001165830562, 0.6156469260514438, -0.26160093266502604], [0.35603449703562073, 0.5460159292983565, 0.3432126095913757, -0.589595970851367, -0.3311913186038922, 0.7175141405503157, -0.21926821625146728]], "dtype": "float64", "shape": [5, 7], "Corder": true}, {"__ndarray__": [[-0.23008949647774052, -0.003403560020126421, 0.14553013495960435, -0.587944081874546, 0.5395777651519552], [0.0, -0.3857368028726867, 0.6966927201963931, -0.19646936720718025, -0.5524164924034952], [-0.46017899295548104, 0.3789296828324339, 0.5868317955212402, 0.20852939109925575, 0.28950789416370865], [0.306785995303654, -0.3169092557004037, 0.2624790561593853, 0.6583717518946585, 0.4153360635441599], [0.23008949647774052, -0.5752016442889036, 0.03110273026136376, -0.2963842575174952, 0.3798609775564656], [-0.7669649882591351, -0.5256609372306703, -0.2814356764451035, 0.22569901222603594, -0.05548534843155437]], "dtype": "float64", "shape": [6, 5], "Corder": true}, {"__ndarray__": [[0.9922778754828984, 0.12403473882697097], [0.1240347344353623, -0.9922778687975837]], "dtype": "float64", "shape": [2, 2], "Corder": true}, {"__ndarray__": [[0.3969335837615395, -0.38011177048252537, -0.7603684690705597, -0.23270480661048304, 0.25621676766968204, 0.6601186390622769], [0.0, 0.7164530954795897, -0.10500199561003326, -0.07196709858516451, 0.6859229389693474, -0.19311481652442197], [0.5103431791219794, 0.023037077579317104, 0.4661961420188067, -0.7217150741494222, -0.028418932750903028, 0.5647751290175747], [-0.5670479768021993, 0.23596548834092645, -0.3511211050899356, -0.6059258676163879, -0.36379209928337514, -0.058892358571188325], [-0.5103431791219794, -0.5347892886361668, 0.26493300509248546, -0.22945674618984